5.034899999999999931e-01,4.220444999999999425e+01,1.295708396978270671e-01
4.951999999999999735e-01,4.215019999999999811e+01,1.214146716834501871e-01
6.782000000000000250e-01,4.330769999999999698e+01,2.077771883532934794e-01
8.671999999999999709e-01,4.361684999999999945e+01,1.764194504582757284e-01
7.992000000000000215e-01,4.363049999999999784e+01,1.769121886699726587e-01
3.712900000000000089e-01,4.155785000000000196e+01,1.280634608309489664e-01
3.556799999999999962e-01,4.132914999999999850e+01,1.299600034626038347e-01
2.839099999999999957e-01,4.067914999999999992e+01,1.070880011952786426e-01
4.669100000000000472e-01,4.248635000000000161e+01,1.615106498036584792e-01
9.479100000000000303e-01,4.368155000000000143e+01,1.669180637318801730e-01
6.939100000000000268e-01,4.306645000000000323e+01,2.462839875022328762e-01
8.979099999999999859e-01,4.367275000000000063e+01,1.691319085802557853e-01
7.899100000000000010e-01,4.348879999999999768e+01,1.196713102627358916e-01
5.909100000000000463e-01,4.260540000000000305e+01,1.692795321354592930e-01
2.101999999999999980e-01,3.991495000000000459e+01,1.094420508762513899e-01
8.591999999999999638e-01,4.339369999999999550e+01,1.508139250865118131e-01
5.592000000000000304e-01,4.243479999999999563e+01,1.368292731837745524e-01
9.971999999999999753e-01,4.396965000000000146e+01,1.439605501517690067e-01
5.834000000000000297e-01,4.261384999999999934e+01,1.293276459230585373e-01
7.972000000000000197e-01,4.312444999999999595e+01,1.616089106454220437e-01
9.142000000000000126e-01,4.364894999999999925e+01,1.405881307223337262e-01
9.492099999999999982e-01,4.393675000000000352e+01,1.540003327918482157e-01
7.341999999999999638e-01,4.311809999999999832e+01,1.586129329531485721e-01
7.661999999999999922e-01,4.337805000000000177e+01,1.577783571976841270e-01
9.841999999999999638e-01,4.409799999999999898e+01,1.559134375222354096e-01
7.012000000000000455e-01,4.301919999999999789e+01,1.763701788852072572e-01
8.371600000000000152e-01,4.342449999999999477e+01,1.831733878051066688e-01
3.701599999999999890e-01,4.141009999999999991e+01,1.247606107711885098e-01
3.581599999999999784e-01,4.122964999999999947e+01,1.223354404904809234e-01
5.221600000000000685e-01,4.242914999999999992e+01,1.447919973617326772e-01
7.011600000000000055e-01,4.298149999999999693e+01,2.642584010017468010e-01
7.452600000000000335e-01,4.307559999999999434e+01,1.673607555551778758e-01
5.911600000000000188e-01,4.251290000000000191e+01,1.297654133426931478e-01
6.203899999999999970e-01,4.278139999999999787e+01,1.170111533145452021e-01
1.002399999999999958e+00,4.434980000000000189e+01,1.936874350596857752e-01
6.104000000000000536e-01,4.274615000000000009e+01,1.362439356448572336e-01
3.581900000000000084e-01,4.123940000000000339e+01,1.181230819950106065e-01
4.513800000000000034e-01,4.168590000000000373e+01,1.286954641780354291e-01
5.523899999999999366e-01,4.225515000000000043e+01,1.375611227782035928e-01
7.503900000000000015e-01,4.303300000000000125e+01,1.938850239188163738e-01
8.223799999999998889e-01,4.360559999999999548e+01,1.492952192804578582e-01
9.503899999999999570e-01,4.395515000000000327e+01,1.479240430085657365e-01
3.403900000000000259e-01,4.121630000000000393e+01,1.097305905388283320e-01
8.104000000000000092e-01,4.334949999999999903e+01,1.731684223523446142e-01
6.119100000000000650e-01,4.300919999999999987e+01,1.621002467610706543e-01
5.489100000000000090e-01,4.216259999999999764e+01,1.468960176451356570e-01
1.029910000000000103e+00,4.399889999999999901e+01,1.629356391339844279e-01
4.229100000000000636e-01,4.162675000000000125e+01,1.229172079084128871e-01
7.019100000000000339e-01,4.317875000000000085e+01,1.829760913343598527e-01
6.859100000000000197e-01,4.311400000000000432e+01,2.345266722571230367e-01
9.329100000000000170e-01,4.381794999999999618e+01,1.552756339545905973e-01
7.499100000000000765e-01,4.308055000000000234e+01,1.851960110261557380e-01
4.689100000000000490e-01,4.200254999999999939e+01,1.216084803786314922e-01
9.599100000000000410e-01,4.407665000000000077e+01,1.750400025708409302e-01
8.411999999999999478e-01,4.349254999999999427e+01,1.486585349046599669e-01
5.632000000000000339e-01,4.251279999999999859e+01,1.213177748724398597e-01
8.292000000000000481e-01,4.366785000000000139e+01,1.555209310671717970e-01
5.792100000000000026e-01,4.249495000000000289e+01,1.243238613460827119e-01
8.651999999999999691e-01,4.363929999999999865e+01,1.492952192804578582e-01
8.591999999999999638e-01,4.371419999999999817e+01,1.680494644442522556e-01
5.862100000000000088e-01,4.283939999999999770e+01,1.448409127284138731e-01
4.892000000000000237e-01,4.213530000000000086e+01,1.174945105100659720e-01
6.892099999999999893e-01,4.288320000000000221e+01,1.547360332954157147e-01
3.241600000000000037e-01,4.106364999999999554e+01,1.065601356042680664e-01
1.851599999999999913e-01,3.972579999999999956e+01,1.082885150881662123e-01
6.811599999999999877e-01,4.286754999999999427e+01,1.514019814929778440e-01
9.211600000000000898e-01,4.362500000000000000e+01,1.734146475935640364e-01
4.281600000000000406e-01,4.202100000000000080e+01,1.328320744398731323e-01
6.991600000000000037e-01,4.322254999999999825e+01,2.173800588830539227e-01
5.751600000000000046e-01,4.265494999999999948e+01,1.416629891679545283e-01
5.111600000000000588e-01,4.238304999999999723e+01,1.203006650023182578e-01
6.411600000000000632e-01,4.289154999999999518e+01,1.685906581041784758e-01
3.511599999999999722e-01,4.149719999999999942e+01,1.174945105100659720e-01
3.491599999999999704e-01,4.141445000000000221e+01,1.146447665617580658e-01
3.548600000000000088e-01,4.150665000000000049e+01,1.169144986731756874e-01
8.711600000000000454e-01,4.361019999999999897e+01,1.365365885028624882e-01
9.251599999999999824e-01,4.403869999999999862e+01,1.133905750051563965e-01
4.193999999999999950e-01,4.186095000000000255e+01,1.246150171528295353e-01
8.903799999999999493e-01,4.345040000000000191e+01,1.440094528147371211e-01
4.803800000000000292e-01,4.204520000000000124e+01,1.189454076456926412e-01
5.803800000000000070e-01,4.263785000000000025e+01,1.635745701507419492e-01
8.053799999999999848e-01,4.336574999999999847e+01,1.583674524641979775e-01
6.643799999999999706e-01,4.290370000000000061e+01,1.638694907540753920e-01
7.453800000000000425e-01,4.327734999999999843e+01,1.556190541032813346e-01
7.364000000000000545e-01,4.304845000000000255e+01,1.430804319255431778e-01
3.703899999999999970e-01,4.131575000000000131e+01,1.168661734634962590e-01
8.503899999999999793e-01,4.358865000000000123e+01,1.338064273493616563e-01
2.193800000000000194e-01,4.011690000000000111e+01,1.066081141377146768e-01
6.473899999999999100e-01,4.289589999999999748e+01,1.640661147220839056e-01
6.003800000000000248e-01,4.267220000000000368e+01,1.574347563278198081e-01
7.603900000000000103e-01,4.319525000000000148e+01,1.529215566883884436e-01
4.703899999999999748e-01,4.207399999999999807e+01,1.257314996331468371e-01
4.979100000000000192e-01,4.219749999999999801e+01,1.356099646043756046e-01
5.079100000000000836e-01,4.224049999999999727e+01,1.288413365345144335e-01
5.879100000000000437e-01,4.271375000000000455e+01,1.437160481644273458e-01
6.999199999999999866e-01,4.304905000000000115e+01,1.592021435157202902e-01
7.619100000000000872e-01,4.332415000000000305e+01,1.631322239779743888e-01
7.889100000000000001e-01,4.337689999999999912e+01,1.413698075969547219e-01
4.059099999999999930e-01,4.183400000000000318e+01,1.144517474746453989e-01
8.089199999999999724e-01,4.382734999999999559e+01,1.661803312669703492e-01
5.839199999999999946e-01,4.287810000000000343e+01,1.329782031011097765e-01
7.209100000000000508e-01,4.329260000000000019e+01,1.956635441261350417e-01
8.379100000000000437e-01,4.357540000000000191e+01,1.458193745700481214e-01
8.069100000000000161e-01,4.352439999999999998e+01,1.861335273399180035e-01
5.001600000000000490e-01,4.232049999999999557e+01,1.392206970963728585e-01
5.331600000000000783e-01,4.220449999999999591e+01,1.691811159674743437e-01
8.211600000000000010e-01,4.343760000000000332e+01,1.876634287760937103e-01
1.251599999999999935e-01,3.873839999999999861e+01,1.078081745509124195e-01
4.431600000000000539e-01,4.184414999999999907e+01,1.381955498559921114e-01
6.833899999999999419e-01,4.321410000000000196e+01,2.920449451711157329e-01
7.263899999999999801e-01,4.317005000000000337e+01,1.655410523102955334e-01
4.043900000000000272e-01,4.171625000000000227e+01,1.116075714277485614e-01
6.903799999999999937e-01,4.302270000000000039e+01,1.861828738095961389e-01
5.763899999999999579e-01,4.251370000000000005e+01,1.265085372613247716e-01
7.203899999999999748e-01,4.314645000000000152e+01,2.051058507210362092e-01
5.509100000000000108e-01,4.243815000000000026e+01,1.284523647115926037e-01
8.488999999999999879e-01,4.358050000000000068e+01,1.723805746016644491e-01
4.359100000000000197e-01,4.163674999999999926e+01,1.130530848760881862e-01
3.019100000000000117e-01,4.091244999999999976e+01,9.857590983602433632e-02
5.811899999999999844e-01,4.279354999999999620e+01,1.404415892818078326e-01
3.462100000000000177e-01,4.138524999999999920e+01,1.149826073804208065e-01
3.311999999999999944e-01,4.105290000000000106e+01,1.109816313630323237e-01
4.493899999999999562e-01,4.205894999999999584e+01,1.444985207536741700e-01
2.916000000000000258e-01,4.074214999999999520e+01,1.288899627589363550e-01
4.610899999999999443e-01,4.189945000000000164e+01,1.409789434631995297e-01
6.329100000000000836e-01,4.293064999999999998e+01,2.066393053124211399e-01
2.689099999999999824e-01,4.044620000000000459e+01,1.037327817037603517e-01
9.259100000000000108e-01,4.401160000000000139e+01,1.946260260088562566e-01
6.259100000000000774e-01,4.273014999999999475e+01,1.337089750166382818e-01
6.089100000000000623e-01,4.264669999999999561e+01,1.301059568198166538e-01
5.789100000000000357e-01,4.250730000000000075e+01,1.421516883473425141e-01
7.201999999999999513e-01,4.309525000000000006e+01,2.078761410070910365e-01
7.671999999999999931e-01,4.351704999999999757e+01,1.621002467610706543e-01
3.682000000000000273e-01,4.151454999999999984e+01,1.062243380774858109e-01
8.491999999999999549e-01,4.360174999999999557e+01,1.515490102244155257e-01
7.772100000000000675e-01,4.336419999999999675e+01,1.808555293597627345e-01
5.842100000000000071e-01,4.253860000000000241e+01,1.035892006919640201e-01
5.891999999999999460e-01,4.257085000000000008e+01,1.334653606745960230e-01
7.691999999999999948e-01,4.347780000000000200e+01,1.714943803744017892e-01
5.141999999999999904e-01,4.239744999999999919e+01,1.362439356448572336e-01
6.382100000000000550e-01,4.264000000000000057e+01,2.348242108471781942e-01
4.352100000000000413e-01,4.183230000000000359e+01,1.183649018924106538e-01
5.842100000000000071e-01,4.273355000000000103e+01,1.434226708020737151e-01
6.625900000000000123e-01,4.301874999999999716e+01,1.820390136756404043e-01
6.211600000000000454e-01,4.268079999999999785e+01,1.655410523102955334e-01
4.161600000000000299e-01,4.178539999999999566e+01,1.213177748724398597e-01
4.511699999999999600e-01,4.163264999999999816e+01,1.409300890512739379e-01
7.331600000000000339e-01,4.331855000000000189e+01,2.424134948801324463e-01
7.411600000000000410e-01,4.353275000000000006e+01,2.172314951842849173e-01
3.491599999999999704e-01,4.100999999999999801e+01,1.236931687685298153e-01
5.141600000000000614e-01,4.245844999999999914e+01,1.387813027752658190e-01
6.433900000000000174e-01,4.287754999999999939e+01,1.966023651943180350e-01
4.703999999999999848e-01,4.192204999999999870e+01,1.326859544186949902e-01
2.633800000000000030e-01,4.042515000000000214e+01,1.119929015607685624e-01
7.423999999999999488e-01,4.319254999999999711e+01,2.011002797113917440e-01
9.103899999999999215e-01,4.388159999999999883e+01,1.663770491984997157e-01
3.373999999999999777e-01,4.118370000000000175e+01,1.106928294877315005e-01
9.833899999999999864e-01,4.419304999999999950e+01,1.469939114385354351e-01
8.133799999999999919e-01,4.353674999999999784e+01,1.442050709926665508e-01
8.174000000000000155e-01,4.361310000000000286e+01,1.245179605518818289e-01
9.603799999999999004e-01,4.384359999999999502e+01,1.605281595234929470e-01
7.563900000000000068e-01,4.330965000000000487e+01,1.611176278375522908e-01
8.789100000000000801e-01,4.369164999999999566e+01,1.463576526868342331e-01
8.099100000000000188e-01,4.347794999999999987e+01,1.694763700342912238e-01
6.279100000000000792e-01,4.268339999999999890e+01,1.412232275512778634e-01
9.349100000000000188e-01,4.403529999999999944e+01,2.031275707529630048e-01
6.979100000000000303e-01,4.305264999999999986e+01,1.647051987643377569e-01
7.679099999999999815e-01,4.365489999999999782e+01,1.810527616469850831e-01
8.649100000000000676e-01,4.366624999999999801e+01,1.557662431337419329e-01
5.149100000000000898e-01,4.225744999999999862e+01,1.210271147305429090e-01
4.709100000000000508e-01,4.237049999999999983e+01,1.441561653208075500e-01
9.289100000000000135e-01,4.404890000000000327e+01,1.853440314658122423e-01
6.311999999999999833e-01,4.267919999999999447e+01,1.463087147096850116e-01
6.161999999999999700e-01,4.283624999999999972e+01,1.464065913816724462e-01
5.652000000000000357e-01,4.255910000000000082e+01,1.392206970963728585e-01
5.581899999999999640e-01,4.251940000000000452e+01,1.381955498559921114e-01
7.361999999999999655e-01,4.333924999999999983e+01,1.943790176433660144e-01
2.621999999999999886e-01,4.042834999999999468e+01,1.122819664950698987e-01
7.621999999999999886e-01,4.324575000000000102e+01,1.573365898321175682e-01
8.591999999999999638e-01,4.381425000000000125e+01,1.809541447439101947e-01
5.592000000000000304e-01,4.287610000000000099e+01,1.545888822004997942e-01
4.801600000000000312e-01,4.201834999999999809e+01,1.176878923254214698e-01
9.211600000000000898e-01,4.384175000000000466e+01,1.896379774728680079e-01
4.751600000000000268e-01,4.196519999999999584e+01,1.130530848760881862e-01
8.921600000000000641e-01,4.384810000000000230e+01,1.605281595234929470e-01
6.311600000000000543e-01,4.243169999999999931e+01,1.795736687267930343e-01
7.351600000000000357e-01,4.329845000000000255e+01,2.129240240085650548e-01
4.181600000000000317e-01,4.165625000000000000e+01,1.190421773994410765e-01
5.351600000000000801e-01,4.225355000000000416e+01,1.301059568198166538e-01
7.341600000000000348e-01,4.336175000000000068e+01,1.807569154970287695e-01
6.091600000000000348e-01,4.281470000000000198e+01,1.516470326119176149e-01
7.011600000000000055e-01,4.310869999999999891e+01,1.674591368065654617e-01
9.821600000000000330e-01,4.405095000000000027e+01,1.461129699924000880e-01
7.581600000000000561e-01,4.332569999999999766e+01,1.545888822004997942e-01
6.433900000000000174e-01,4.287449999999999761e+01,2.035231927815599196e-01
5.153900000000000148e-01,4.229364999999999952e+01,1.787356707543292789e-01
8.053799999999999848e-01,4.328390000000000271e+01,1.335140816543333719e-01
8.003899999999999348e-01,4.309255000000000280e+01,1.633779666907383132e-01
7.153800000000000159e-01,4.311395000000000266e+01,1.965529508809267523e-01
7.663900000000000157e-01,4.350069999999999482e+01,1.830747388363561379e-01
9.013899999999999135e-01,4.378279999999999461e+01,1.540493752015892059e-01
7.183899999999999730e-01,4.295915000000000106e+01,1.539022498211121137e-01
5.793800000000000061e-01,4.244790000000000418e+01,1.234021474691587295e-01
9.603799999999999004e-01,4.407925000000000182e+01,1.456725866455319263e-01
6.483899999999999109e-01,4.280665000000000475e+01,1.618054387219416135e-01
9.363899999999999446e-01,4.374169999999999447e+01,1.436671500378566280e-01
4.613800000000000123e-01,4.203265000000000384e+01,1.151274185413709295e-01
6.703899999999999304e-01,4.305494999999999806e+01,1.800173602739469081e-01
2.463899999999999979e-01,4.043054999999999666e+01,1.121374268475962416e-01
6.389199999999999324e-01,4.276004999999999967e+01,1.864296113818832146e-01
5.359099999999999975e-01,4.233944999999999936e+01,1.148378095402381033e-01
7.739099999999999868e-01,4.344604999999999961e+01,1.787849616159032373e-01
3.709100000000000175e-01,4.142255000000000109e+01,1.085287519508079529e-01
6.999199999999999866e-01,4.315895000000000437e+01,1.753848340079609269e-01
3.739099999999999646e-01,4.138185000000000002e+01,1.081443942144020703e-01
8.539100000000000579e-01,4.357519999999999527e+01,1.537551299957175266e-01
6.039200000000000124e-01,4.285804999999999865e+01,1.460151019586672927e-01
5.349099999999999966e-01,4.219230000000000302e+01,1.323450414635924388e-01
4.009099999999999886e-01,4.153010000000000446e+01,1.189454076456926412e-01
3.719100000000000183e-01,4.147135000000000105e+01,1.115594124222604594e-01
8.409100000000000463e-01,4.329529999999999745e+01,1.546869823223660789e-01
5.321600000000000774e-01,4.232900000000000063e+01,1.177362412343794934e-01
9.311599999999999877e-01,4.397400000000000375e+01,2.122805278399316486e-01
5.531599999999999850e-01,4.255379999999999541e+01,1.277718278807969676e-01
8.411600000000000188e-01,4.359609999999999985e+01,1.882063760875279101e-01
7.273899999999999810e-01,4.313870000000000005e+01,2.001115251553493013e-01
4.423799999999999955e-01,4.194284999999999997e+01,1.175911986502391204e-01
2.823999999999999844e-01,4.084459999999999980e+01,1.114149451375353039e-01
5.193999999999999728e-01,4.230865000000000009e+01,1.130530848760881862e-01
1.060389999999999944e+00,4.395730000000000359e+01,1.668688781648633157e-01
2.683800000000000074e-01,4.051725000000000421e+01,1.092978041865434735e-01
2.504000000000000115e-01,4.044630000000000081e+01,1.153687999417520177e-01
6.989199999999999857e-01,4.306239999999999668e+01,2.191629758878081702e-01
7.309100000000000597e-01,4.303839999999999577e+01,1.934898511550411926e-01
9.989100000000000756e-01,4.388219999999999743e+01,9.991040986804126944e-02
4.099100000000000521e-01,4.172100000000000364e+01,1.130048782132877794e-01
1.269399999999999973e-01,3.881289999999999907e+01,1.233536481017079717e-01
2.560899999999999843e-01,4.060439999999999827e+01,1.842586225933537936e-01
8.847999999999998921e-02,3.791344999999999743e+01,1.102116259747582261e-01
1.179700000000000054e-01,3.846344999999999459e+01,1.035413443992301979e-01
1.832199999999999940e-01,3.956510000000000105e+01,1.318581055529010615e-01
1.406999999999999917e-01,3.914099999999999824e+01,1.201554097824979322e-01
1.518599999999999950e-01,3.906329999999999814e+01,1.075200562685864614e-01
9.400999999999999635e-02,3.815899999999999892e+01,1.071360000186678541e-01
2.866199999999999859e-01,4.095270000000000010e+01,1.533628377410903298e-01
2.634900000000000020e-01,4.062760000000000105e+01,1.460640356145208041e-01
1.431000000000000050e-01,3.906674999999999898e+01,1.089132223377859698e-01
1.603499999999999925e-01,3.920289999999999964e+01,1.194293096354492045e-01
1.230300000000000005e-01,3.866479999999999961e+01,1.204459318532593720e-01
1.260799999999999976e-01,3.863854999999999507e+01,1.169144986731756874e-01
1.731499999999999984e-01,3.942345000000000255e+01,1.036849193470294472e-01
1.643099999999999838e-01,3.930174999999999841e+01,1.123783342108255201e-01
1.598999999999999866e-01,3.919284999999999997e+01,1.144517474746453989e-01
2.444800000000000306e-01,4.013814999999999600e+01,1.332217699927455423e-01
2.483499999999999874e-01,4.025175000000000125e+01,1.376587174863982133e-01
2.754400000000000182e-01,4.064074999999999704e+01,1.579256233168006285e-01
3.305099999999999705e-01,4.120210000000000150e+01,1.617071736194780063e-01
3.310299999999999909e-01,4.109884999999999877e+01,1.511079415517265490e-01
1.605900000000000105e-01,3.925614999999999810e+01,1.135834605037194661e-01
2.188699999999999812e-01,4.014005000000000223e+01,1.376587174863982133e-01
1.199099999999999888e-01,3.863835000000000264e+01,1.064162111710429126e-01
1.783900000000000208e-01,3.999835000000000207e+01,1.320528682005809307e-01
2.792300000000000337e-01,4.077114999999999867e+01,1.360000827205630758e-01
1.858100000000000029e-01,3.975365000000000038e+01,1.332217699927455423e-01
6.640999999999999681e-02,3.725809999999999889e+01,1.173011508894946930e-01
2.580000000000000071e-01,4.054749999999999943e+01,1.459661690255656674e-01
2.797999999999999932e-01,4.054729999999999990e+01,1.429826562908942666e-01
2.657599999999999962e-01,4.033089999999999975e+01,1.335140816543333719e-01
1.849999999999999978e-01,3.964525000000000432e+01,1.097786864559783249e-01
5.714999999999999941e-02,3.692694999999999794e+01,1.113186417452171478e-01
3.264000000000000234e-01,4.094330000000000069e+01,1.494421627252496831e-01
1.088599999999999846e-01,3.844209999999999638e+01,1.071360000186678541e-01
2.032299999999999940e-01,3.997010000000000218e+01,1.414186692060139527e-01
3.798599999999999755e-01,4.140744999999999720e+01,1.426893478855377206e-01
2.116000000000000103e-01,3.995915000000000106e+01,1.265571116136900431e-01
2.135300000000000253e-01,4.005294999999999561e+01,1.396601589573776836e-01
1.440899999999999959e-01,3.910575000000000045e+01,1.169144986731756874e-01
2.524899999999999922e-01,4.043779999999999575e+01,1.637220281452682336e-01
2.567200000000000037e-01,4.054579999999999984e+01,1.774542476245637712e-01
2.188499999999999890e-01,4.024599999999999511e+01,1.711497881973565449e-01
7.882999999999999730e-02,3.780969999999999942e+01,1.256829443480697583e-01
8.282000000000000473e-02,3.801380000000000337e+01,1.198649344053547561e-01
1.702799999999999869e-01,3.951890000000000214e+01,1.111260545506768116e-01
2.366999999999999937e-01,4.014655000000000484e+01,1.463576526868342331e-01
3.056900000000000173e-01,4.065030000000000143e+01,1.999137876685847803e-01
8.254000000000000226e-02,3.778790000000000049e+01,1.096824963246187251e-01
1.889099999999999946e-01,3.947390000000000043e+01,1.224323895053919115e-01
8.140999999999999626e-02,3.778099999999999881e+01,1.084807010486197043e-01
2.565500000000000003e-01,4.052639999999999532e+01,1.642135880492232858e-01
1.262199999999999989e-01,3.885524999999999807e+01,1.381467426326078718e-01
1.026400000000000090e-01,3.843175000000000097e+01,1.473855148920680258e-01
1.245499999999999940e-01,3.874840000000000373e+01,1.049779024366556818e-01
3.704600000000000115e-01,4.173064999999999714e+01,1.663278689817193623e-01
2.021499999999999964e-01,3.965595000000000425e+01,1.186067557097824077e-01
1.799000000000000044e-01,3.995244999999999891e+01,1.464555307934801154e-01
1.617999999999999994e-01,3.940590000000000259e+01,1.333192034179622731e-01
2.266900000000000026e-01,4.014709999999999468e+01,1.441561653208075500e-01
2.968300000000000383e-01,4.071490000000000009e+01,1.476792470186654438e-01
2.502900000000000125e-01,4.047114999999999441e+01,1.363902580831930222e-01
1.488200000000000078e-01,3.918815000000000026e+01,1.104522068588944111e-01
1.472900000000000043e-01,3.904599999999999937e+01,1.076160884812303459e-01
2.151300000000000157e-01,4.047185000000000343e+01,1.513039655792272897e-01
1.447799999999999920e-01,3.908060000000000400e+01,1.428359986137948401e-01
1.324299999999999922e-01,3.919930000000000092e+01,1.366341465373864805e-01
2.197500000000000009e-01,4.027055000000000007e+01,1.379027193350443048e-01
3.849199999999999844e-01,4.167575000000000074e+01,1.524313041996295526e-01
1.739999999999999880e-01,3.961610000000000298e+01,1.154653627716987763e-01
1.778900000000000203e-01,3.947344999999999970e+01,1.260228550700228933e-01
2.993600000000000150e-01,4.078974999999999795e+01,1.335140816543333719e-01
1.184499999999999997e-01,3.871875000000000000e+01,1.372195685753311301e-01
1.765299999999999925e-01,3.950969999999999516e+01,1.101635148313632878e-01
2.455199999999999882e-01,4.064520000000000266e+01,1.905760740491838356e-01
1.961099999999999788e-01,3.981824999999999903e+01,1.230626771202382036e-01
2.485199999999999909e-01,4.036655000000000371e+01,1.359513148152675932e-01
3.063199999999999812e-01,4.104704999999999870e+01,1.641152719889285572e-01
2.463699999999999779e-01,4.042690000000000339e+01,1.339526128897827739e-01
1.351400000000000101e-01,3.923709999999999809e+01,1.173978279185777795e-01
2.105400000000000049e-01,3.991020000000000323e+01,1.368292731837745524e-01
2.363000000000000100e-01,4.042470000000000141e+01,1.267514201103877025e-01
1.785100000000000020e-01,3.964535000000000053e+01,1.173011508894946930e-01
2.206800000000000150e-01,4.008794999999999931e+01,1.573365898321175682e-01
3.149399999999999977e-01,4.109009999999999962e+01,1.600369957228640339e-01
1.844299999999999828e-01,3.982174999999999443e+01,1.157550862813379738e-01
2.612900000000000222e-01,4.047360000000000468e+01,1.418584593882225853e-01
1.812300000000000022e-01,3.948144999999999527e+01,1.095382239220629300e-01
3.804800000000000404e-01,4.130254999999999654e+01,1.535589788973605041e-01
1.848100000000000021e-01,3.965765000000000384e+01,1.122819664950698987e-01
2.084699999999999886e-01,3.992464999999999975e+01,1.244209086126604330e-01
1.770599999999999952e-01,3.960625000000000284e+01,1.324911412132901700e-01
3.158199999999999896e-01,4.098680000000000234e+01,1.564531958765943420e-01
2.497300000000000075e-01,4.043760000000000332e+01,1.282579042398557245e-01
2.036799999999999999e-01,3.992090000000000316e+01,1.232566529644546216e-01
1.233599999999999974e-01,3.868979999999999819e+01,1.071360000186678541e-01
2.031799999999999995e-01,3.991384999999999650e+01,1.240327476918898220e-01
1.533899999999999986e-01,3.939260000000000161e+01,1.091535730061091447e-01
3.343900000000000206e-01,4.120489999999999498e+01,1.620019752965994042e-01
1.958000000000000018e-01,3.979860000000000042e+01,1.189454076456926412e-01
2.497300000000000075e-01,4.034689999999999799e+01,1.475323778022980259e-01
1.550900000000000056e-01,3.929509999999999792e+01,1.104522068588944111e-01
1.559599999999999875e-01,3.925785000000000480e+01,1.294735590767474298e-01
1.583700000000000108e-01,3.908684999999999832e+01,1.273344513476223350e-01
3.093800000000000439e-01,4.108140000000000214e+01,1.991228829140438139e-01
2.485699999999999854e-01,4.039610000000000412e+01,1.420050703320131502e-01
1.850700000000000123e-01,3.958575000000000443e+01,1.270915024696773477e-01
1.837599999999999789e-01,3.977740000000000009e+01,1.282579042398557245e-01
1.807900000000000063e-01,3.964965000000000117e+01,1.408812354431916436e-01
1.769599999999999784e-01,3.955545000000000044e+01,1.324424403278647022e-01
1.776800000000000046e-01,3.934179999999999922e+01,1.248091442964016085e-01
7.180000000000000271e-02,3.728209999999999980e+01,1.289385900341709357e-01
1.381099999999999828e-01,3.893285000000000196e+01,1.089612889975150739e-01
1.696000000000000008e-01,3.973515000000000441e+01,1.350736465784499463e-01
2.455499999999999905e-01,3.998980000000000246e+01,1.500789875365635406e-01
1.438699999999999979e-01,3.908664999999999878e+01,1.090574275324702469e-01
2.519099999999999673e-01,4.050379999999999825e+01,1.492462394836131245e-01
3.742999999999999799e-02,3.604080000000000439e+01,1.203975082798643265e-01
2.774900000000000144e-01,4.115070000000000050e+01,2.076782367028379706e-01
2.874599999999999933e-01,4.053679999999999950e+01,1.520881652200459788e-01
1.986700000000000133e-01,3.988015000000000043e+01,1.421516883473425141e-01
1.599900000000000211e-01,3.934604999999999819e+01,1.324424403278647022e-01
2.107499999999999929e-01,4.028359999999999985e+01,1.537060912911391297e-01
2.377499999999999891e-01,4.028470000000000084e+01,1.349761460406986302e-01
1.551700000000000024e-01,3.941264999999999930e+01,1.217053922387993509e-01
9.391000000000000736e-02,3.821954999999999814e+01,1.524313041996295526e-01
1.527099999999999846e-01,3.935555000000000092e+01,1.174461685198797817e-01
2.572200000000000042e-01,4.054410000000000025e+01,1.476792470186654438e-01
2.122600000000000042e-01,4.007065000000000055e+01,1.337089750166382818e-01
2.454000000000000070e-01,4.015444999999999709e+01,1.342450092182201071e-01
1.369599999999999984e-01,3.903484999999999872e+01,1.147412850721134248e-01
3.256900000000000350e-01,4.117510000000000048e+01,1.833706901334016259e-01
1.063800000000000023e-01,3.836034999999999684e+01,1.067520608700366080e-01
4.012699999999999600e-01,4.157585000000000264e+01,1.629847845659219974e-01
1.893099999999999783e-01,3.975639999999999930e+01,1.337577007128935291e-01
1.972599999999999909e-01,3.970519999999999783e+01,1.161414654634596866e-01
1.283700000000000119e-01,3.883159999999999457e+01,1.353661700721417449e-01
1.226200000000000068e-01,3.871025000000000205e+01,1.075680714710457175e-01
1.271500000000000130e-01,3.886325000000000074e+01,1.079042283694202631e-01
2.132300000000000306e-01,3.994634999999999536e+01,1.460151019586672927e-01
2.109900000000000109e-01,3.999699999999999989e+01,1.304465503568415785e-01
2.685599999999999654e-01,4.075829999999999842e+01,1.556681165171596715e-01
2.045299999999999896e-01,3.993434999999999491e+01,1.279176395185589732e-01
2.701000000000000068e-01,4.055590000000000117e+01,1.304465503568415785e-01
2.418500000000000094e-01,4.025074999999999648e+01,1.546869823223660789e-01
2.911400000000000099e-01,4.050600000000000023e+01,1.494911452227188076e-01
3.534599999999999964e-01,4.108674999999999500e+01,1.544417365869731606e-01
2.854300000000000170e-01,4.087225000000000108e+01,1.572384256471680564e-01
2.195499999999999952e-01,3.994190000000000396e+01,1.563059819712604714e-01
1.755799999999999861e-01,3.951765000000000327e+01,1.284523647115926037e-01
2.354199999999999904e-01,4.026290000000000191e+01,1.488544255304490582e-01
1.532499999999999973e-01,3.926964999999999861e+01,1.136316857218971355e-01
2.100499999999999867e-01,4.017475000000000307e+01,1.612158801111106543e-01
2.913499999999999979e-01,4.078945000000000221e+01,1.530686447317020082e-01
3.137599999999999834e-01,4.109250000000000114e+01,1.524313041996295526e-01
1.368699999999999917e-01,3.901019999999999754e+01,1.176878923254214698e-01
2.956699999999999884e-01,4.104080000000000439e+01,1.948236381961901409e-01
3.039399999999999880e-01,4.076624999999999943e+01,1.382931668593933294e-01
2.055699999999999750e-01,4.000154999999999461e+01,1.383907872656268967e-01
1.218999999999999945e-01,3.861124999999999829e+01,1.025368348448497807e-01
1.742799999999999905e-01,3.950690000000000168e+01,1.144517474746453989e-01
2.488300000000000234e-01,4.047279999999999944e+01,1.431293208954755036e-01
2.455800000000000205e-01,4.038589999999999947e+01,1.442050709926665508e-01
1.383300000000000085e-01,3.911950000000000216e+01,1.206880690043551918e-01
2.431500000000000050e-01,4.029795000000000016e+01,1.212693283563490293e-01
2.426699999999999691e-01,4.045454999999999757e+01,1.548831898560976972e-01
3.146800000000000153e-01,4.063179999999999836e+01,1.402462120700591064e-01
2.757300000000000306e-01,4.071849999999999881e+01,1.559134375222354096e-01
3.004100000000000104e-01,4.069039999999999679e+01,1.616580418661564822e-01
2.172800000000000287e-01,4.016394999999999982e+01,1.594967789643414735e-01
2.033500000000000030e-01,3.984340000000000259e+01,1.290844781528747709e-01
1.902500000000000024e-01,3.967609999999999815e+01,1.580728945771538718e-01
2.902099999999999680e-01,4.064140000000000441e+01,1.560606372536008923e-01
2.278599999999999792e-01,4.010434999999999661e+01,1.534118720960017668e-01
3.106499999999999817e-01,4.072974999999999568e+01,1.607737618518643719e-01
1.372899999999999954e-01,3.939265000000000327e+01,1.180263635803458916e-01
8.784000000000000141e-02,3.794960000000000377e+01,1.107409589989178239e-01
8.504000000000000448e-02,3.789284999999999570e+01,1.098748833901542765e-01
1.900900000000000090e-01,3.991859999999999786e+01,1.219961577263808661e-01
9.227000000000000479e-02,3.812760000000000105e+01,1.130530848760881862e-01
1.290300000000000058e-01,3.885984999999999445e+01,1.314199471161056343e-01
2.616600000000000037e-01,4.043679999999999808e+01,1.611667537055952448e-01
2.616199999999999637e-01,4.072589999999999577e+01,1.813486214449947231e-01
1.942200000000000037e-01,3.988714999999999833e+01,1.326859544186949902e-01
1.470299999999999940e-01,3.910974999999999824e+01,1.254401849488432641e-01
2.117900000000000060e-01,4.041485000000000127e+01,1.842586225933537936e-01
1.795799999999999896e-01,3.957174999999999443e+01,1.171561458055018073e-01
1.902900000000000147e-01,3.996280000000000143e+01,1.229656964360386073e-01
3.387999999999999901e-01,4.105969999999999942e+01,1.645577102417264403e-01
1.174099999999999866e-01,3.868925000000000125e+01,1.101154053709107461e-01
2.888999999999999901e-01,4.079949999999999477e+01,1.666229576018863068e-01
2.640500000000000069e-01,4.053790000000000049e+01,1.597914343761892841e-01
2.496099999999999985e-01,4.065165000000000362e+01,1.440583562310774057e-01
2.296699999999999853e-01,4.014939999999999998e+01,1.305925342429650471e-01
8.542999999999999206e-02,3.787800000000000011e+01,1.047383525744032262e-01
2.765599999999999725e-01,4.089544999999999675e+01,1.928971293202674797e-01
3.619300000000000295e-01,4.144440000000000168e+01,1.672131872789942575e-01
3.002099999999999769e-01,4.089535000000000053e+01,1.679510717441243528e-01
1.163499999999999951e-01,3.865465000000000373e+01,1.078562005635280985e-01
1.549200000000000021e-01,3.910105000000000075e+01,1.087209731376609784e-01
2.503699999999999815e-01,4.056820000000000448e+01,1.356099646043756046e-01
2.517400000000000193e-01,4.047899999999999920e+01,1.301059568198166538e-01
1.292800000000000060e-01,3.881709999999999638e+01,1.116075714277485614e-01
3.092900000000000094e-01,4.099384999999999479e+01,1.719374595601551869e-01
2.988800000000000345e-01,4.093704999999999927e+01,1.660327979647394925e-01
2.709099999999999842e-01,4.061189999999999856e+01,1.716420694352057685e-01
2.935300000000000131e-01,4.084975000000000023e+01,1.467981266910446669e-01
1.897900000000000142e-01,3.973505000000000109e+01,1.222384963912760136e-01
1.237599999999999950e-01,3.867229999999999990e+01,1.065121589303305860e-01
3.128799999999999915e-01,4.090084999999999837e+01,1.460640356145208041e-01
3.091499999999999804e-01,4.110604999999999620e+01,1.581219861372857860e-01
2.026700000000000168e-01,3.987265000000000015e+01,1.408812354431916436e-01
2.116300000000000125e-01,3.989470000000000027e+01,1.310792126921732914e-01
1.789000000000000035e-01,3.967249999999999943e+01,1.190421773994410765e-01
3.035400000000000320e-01,4.114199999999999591e+01,1.408812354431916436e-01
2.145699999999999830e-01,4.009170000000000300e+01,1.341962741658649927e-01
3.204500000000000126e-01,4.096559999999999491e+01,1.390742247866224857e-01
2.183499999999999885e-01,4.020179999999999865e+01,1.453790304686339574e-01
7.522999999999999132e-02,3.756879999999999598e+01,1.061763744907500556e-01
2.575999999999999956e-01,4.064114999999999611e+01,1.529705854077835492e-01
1.846799999999999831e-01,3.963469999999999516e+01,1.340500745990094444e-01
1.162799999999999945e-01,3.856475000000000364e+01,1.061763744907500556e-01
6.481000000000000649e-02,3.714655000000000484e+01,1.148860740037712380e-01
1.028799999999999992e-01,3.843045000000000044e+01,1.072800074571212958e-01
4.436999999999999972e-02,3.619415000000000049e+01,1.236446622382058186e-01
1.659499999999999864e-01,3.920449999999999591e+01,1.251974540475963571e-01
1.681700000000000139e-01,3.932229999999999848e+01,1.255372852980340681e-01
1.706300000000000039e-01,3.939374999999999716e+01,1.456725866455319263e-01
1.204199999999999993e-01,3.879005000000000081e+01,1.168661734634962590e-01
1.386799999999999977e-01,3.903995000000000459e+01,1.341962741658649927e-01
2.338000000000000078e-01,4.019064999999999799e+01,1.556190541032813346e-01
2.464300000000000102e-01,4.029229999999999734e+01,1.494911452227188076e-01
2.228600000000000025e-01,4.035040000000000049e+01,1.574838404408528403e-01
1.791500000000000037e-01,3.955089999999999861e+01,1.261199825562943910e-01
1.971799999999999942e-01,3.985179999999999723e+01,1.204943567143291483e-01
2.291600000000000026e-01,4.026444999999999652e+01,1.466512955960499187e-01
2.645099999999999674e-01,4.072355000000000302e+01,1.691811159674743437e-01
1.033700000000000035e-01,3.837194999999999823e+01,1.050737360142866561e-01
2.133800000000000141e-01,4.000185000000000457e+01,1.268485809932456410e-01
1.565300000000000025e-01,3.921399999999999864e+01,1.144034964500648399e-01
2.434000000000000052e-01,4.051885000000000048e+01,1.576310962342138966e-01
2.365199999999999803e-01,4.051810000000000400e+01,1.464555307934801154e-01
2.085199999999999831e-01,3.997194999999999965e+01,1.352686586020575565e-01
2.510399999999999854e-01,4.067640000000000100e+01,1.685906581041784758e-01
2.253400000000000125e-01,4.013100000000000023e+01,1.329782031011097765e-01
2.874200000000000088e-01,4.072404999999999831e+01,1.460640356145208041e-01
3.298400000000000221e-01,4.092334999999999923e+01,1.460640356145208041e-01
2.460300000000000264e-01,4.039799999999999613e+01,1.261199825562943910e-01
1.196599999999999886e-01,3.892184999999999917e+01,1.451344204522138914e-01
3.293099999999999916e-01,4.148014999999999475e+01,2.116865666498467247e-01
2.108199999999999796e-01,3.984655000000000058e+01,1.239842328685385742e-01
2.030799999999999828e-01,4.000489999999999924e+01,1.202038268941550830e-01
2.843600000000000017e-01,4.056820000000000448e+01,1.396113265462369246e-01
1.803700000000000025e-01,3.940755000000000052e+01,1.098267840738314516e-01
2.606999999999999873e-01,4.058275000000000432e+01,1.550303518669812197e-01
1.479199999999999959e-01,3.911029999999999518e+01,1.066081141377146768e-01
3.279299999999999993e-01,4.107515000000000072e+01,1.417607226984964330e-01
2.420599999999999974e-01,4.061520000000000152e+01,1.597423237592342227e-01
2.233400000000000107e-01,4.020074999999999932e+01,1.315659910463186644e-01
1.827999999999999903e-01,3.985184999999999889e+01,1.408323826397892276e-01
1.530400000000000094e-01,3.927240000000000464e+01,1.067520608700366080e-01
1.381799999999999973e-01,3.897325000000000017e+01,1.067520608700366080e-01
2.073500000000000065e-01,4.030995000000000061e+01,1.881570155481851747e-01
2.031300000000000050e-01,3.991164999999999452e+01,1.245664882703209214e-01
1.980099999999999916e-01,3.976104999999999734e+01,1.324424403278647022e-01
2.225599999999999801e-01,4.020560000000000400e+01,1.423960673614267924e-01
2.733999999999999764e-01,4.057625000000000171e+01,1.481198923170011228e-01
1.865099999999999814e-01,3.979514999999999958e+01,1.177362412343794934e-01
1.593499999999999917e-01,3.910814999999999486e+01,1.095863130139891062e-01
2.193499999999999894e-01,4.015540000000000020e+01,1.296194815604506390e-01
1.737299999999999955e-01,3.975119999999999720e+01,1.317607301133383868e-01
2.443599999999999939e-01,4.023024999999999807e+01,1.479730042947023649e-01
1.335299999999999820e-01,3.886395000000000266e+01,1.053612832116237880e-01
2.833199999999999608e-01,4.071410000000000196e+01,1.392206970963728585e-01
1.738299999999999845e-01,3.959839999999999804e+01,1.405392827646420040e-01
1.965400000000000202e-01,3.997794999999999987e+01,1.401485283547422855e-01
3.695199999999999596e-01,4.153255000000000052e+01,1.463576526868342331e-01
2.054800000000000237e-01,3.983579999999999899e+01,1.246150171528295353e-01
1.735700000000000021e-01,3.955214999999999748e+01,1.301546099836652093e-01
1.268799999999999928e-01,3.879599999999999937e+01,1.137281407568065394e-01
2.843399999999999817e-01,4.074399999999999977e+01,1.543926892699262476e-01
1.939200000000000090e-01,3.986580000000000013e+01,1.393671769104906644e-01
1.001799999999999913e-01,3.822704999999999842e+01,1.154170806250097298e-01
3.742500000000000271e-01,4.157469999999999999e+01,9.051607592024746296e-02
1.177099999999999952e-01,3.862184999999999491e+01,1.175428538874226936e-01
1.917599999999999860e-01,3.980150000000000432e+01,1.435693560618003239e-01
2.368400000000000227e-01,4.028435000000000343e+01,1.490503270710936690e-01
1.589900000000000202e-01,3.926614999999999611e+01,1.280634608309489664e-01
7.877000000000000668e-02,3.802759999999999962e+01,1.159965624490656988e-01
1.386400000000000132e-01,3.926935000000000286e+01,1.366829268782315809e-01
2.338099999999999901e-01,4.015474999999999994e+01,1.566004150696926056e-01
1.568900000000000017e-01,3.929475000000000051e+01,1.577292696362979918e-01
8.805999999999999939e-02,3.775090000000000146e+01,1.199617543219504701e-01
1.304500000000000104e-01,3.906634999999999991e+01,1.252945429777370667e-01
1.820299999999999974e-01,3.960589999999999833e+01,1.297654133426931478e-01
2.562499999999999778e-01,4.040984999999999872e+01,1.510589371735416298e-01
2.167400000000000160e-01,4.008230000000000359e+01,1.395136642053386999e-01
1.453299999999999870e-01,3.917865000000000464e+01,1.430804319255431778e-01
1.363900000000000112e-01,3.885644999999999527e+01,1.145000000000000046e-01
2.051499999999999990e-01,4.020400000000000063e+01,1.596441041817705242e-01
3.697599999999999776e-01,4.131745000000000090e+01,1.586620307445987532e-01
1.293999999999999873e-01,3.888204999999999956e+01,1.128120671736849295e-01
2.668699999999999961e-01,4.060224999999999795e+01,1.506669257003672990e-01
2.782199999999999673e-01,4.065659999999999741e+01,1.423471899968524190e-01
1.748299999999999854e-01,3.977559999999999718e+01,1.350736465784499463e-01
1.136400000000000049e-01,3.839709999999999468e+01,1.108853574643649670e-01
1.124200000000000060e-01,3.865094999999999459e+01,1.068960242478643324e-01
1.531700000000000006e-01,3.911240000000000094e+01,1.088651574196262267e-01
1.967099999999999960e-01,4.000789999999999935e+01,1.416629891679545283e-01
1.891400000000000026e-01,4.015524999999999523e+01,1.322963434868855426e-01
1.762499999999999900e-01,3.974674999999999869e+01,1.307871935626726545e-01
2.175699999999999856e-01,4.005089999999999861e+01,1.426404658573435791e-01
1.856299999999999895e-01,3.960784999999999911e+01,1.317607301133383868e-01
1.635599999999999832e-01,3.929370000000000118e+01,1.228687205923460479e-01
2.572099999999999942e-01,4.061695000000000277e+01,1.698208541375292868e-01
1.216400000000000120e-01,3.885065000000000168e+01,1.377563156446919290e-01
1.645500000000000018e-01,3.936404999999999887e+01,1.107890901668571321e-01
1.986199999999999910e-01,3.991069999999999851e+01,1.350736465784499463e-01
2.682100000000000040e-01,4.066934999999999434e+01,1.653935382655561948e-01
4.012800000000000256e-01,4.143500000000000227e+01,1.380979362626393592e-01
1.458099999999999952e-01,3.894310000000000116e+01,1.310305403331605001e-01
5.572999999999999482e-02,3.683164999999999623e+01,1.131977141995367253e-01
2.245199999999999696e-01,4.043495000000000061e+01,1.563550526845870758e-01
2.865500000000000269e-01,4.069304999999999950e+01,1.587111290993797885e-01
1.838799999999999879e-01,3.982264999999999588e+01,1.445963433147602062e-01
1.035099999999999909e-01,3.823075000000000045e+01,1.097305905388283320e-01
3.313599999999999879e-01,4.129999999999999716e+01,1.928971293202674797e-01
2.186500000000000110e-01,4.003194999999999482e+01,1.446452557120350146e-01
2.635699999999999710e-01,4.030499999999999972e+01,1.543436425642468746e-01
1.628400000000000125e-01,3.951829999999999643e+01,1.337089750166382818e-01
1.068299999999999944e-01,3.848839999999999861e+01,1.087690328172499638e-01
1.647699999999999998e-01,3.935490000000000066e+01,1.196713102627358916e-01
1.074999999999999983e-01,3.851474999999999937e+01,1.127156710488829844e-01
1.289900000000000213e-01,3.877830000000000155e+01,1.181714432508971235e-01
5.947999999999999815e-02,3.698774999999999835e+01,1.297654133426931478e-01
4.093000000000000110e-02,3.632280000000000086e+01,1.204459318532593720e-01
1.704999999999999918e-02,3.412644999999999840e+01,1.856400818788873364e-01
1.530999999999999896e-02,3.386755000000000138e+01,1.640661147220839056e-01
1.471999999999999871e-02,3.388580000000000325e+01,1.520391479192119144e-01
2.673000000000000029e-02,3.524105000000000132e+01,1.644102262634535572e-01
1.731999999999999859e-02,3.414180000000000348e+01,1.615106498036584792e-01
4.436999999999999972e-02,3.599084999999999468e+01,2.003092671345986509e-01
1.566999999999999990e-02,3.370069999999999766e+01,1.569439470001949555e-01
2.477000000000000035e-02,3.492929999999999779e+01,1.743996559629634180e-01
3.799999999999999906e-02,3.603640000000000043e+01,1.352199042301095722e-01
2.989999999999999949e-02,3.551129999999999853e+01,1.266056870760551845e-01
1.012000000000000052e-02,3.317745000000000033e+01,2.005070135930411834e-01
2.580000000000000002e-02,3.543479999999999563e+01,1.408323826397892276e-01
1.038000000000000034e-02,3.331960000000000122e+01,2.069856033640987414e-01
3.790999999999999925e-02,3.585510000000000019e+01,2.023363783406236516e-01
3.506999999999999701e-02,3.572114999999999441e+01,1.705098897425014470e-01
1.268000000000000030e-02,3.371860000000000213e+01,1.736116355547634438e-01
2.525000000000000161e-02,3.509815000000000396e+01,1.362927089025675054e-01
1.907999999999999974e-02,3.462340000000000373e+01,1.443028845865528820e-01
3.488999999999999740e-02,3.563835000000000264e+01,1.693779501588090486e-01
2.949999999999999845e-02,3.561379999999999768e+01,1.308358609097673986e-01
3.416000000000000286e-02,3.584564999999999912e+01,1.591530395562711087e-01
4.066999999999999782e-02,3.606279999999999575e+01,1.166245685951292077e-01
7.514999999999999458e-02,3.715820000000000078e+01,1.283551323477171990e-01
5.581000000000000544e-02,3.650215000000000032e+01,1.264599640202384301e-01
2.528999999999999998e-02,3.505960000000000321e+01,1.436671500378566280e-01
3.500999999999999945e-02,3.592810000000000059e+01,1.284037479982574337e-01
2.846000000000000266e-02,3.527509999999999479e+01,1.373659437415256923e-01
3.280000000000000276e-02,3.591084999999999638e+01,1.287927113620953301e-01
3.378000000000000447e-02,3.565794999999999959e+01,1.434715651270313530e-01
4.596999999999999698e-02,3.655219999999999914e+01,1.068000468164691241e-01
4.341000000000000414e-02,3.620145000000000124e+01,1.245664882703209214e-01
5.683999999999999470e-02,3.700355000000000416e+01,1.239842328685385742e-01
2.024000000000000105e-02,3.455679999999999552e+01,1.308358609097673986e-01
3.191000000000000086e-02,3.586204999999999643e+01,1.312252357589804574e-01
4.150000000000000216e-02,3.626670000000000016e+01,1.294249203206245258e-01
2.638999999999999679e-02,3.520304999999999751e+01,1.430804319255431778e-01
2.651000000000000231e-02,3.533745000000000402e+01,1.283551323477171990e-01
2.688999999999999724e-02,3.514544999999999675e+01,1.295221988695374193e-01
2.349000000000000046e-02,3.489359999999999928e+01,1.371219894838169306e-01
5.066999999999999976e-02,3.684224999999999994e+01,1.608228839437970126e-01
4.093000000000000110e-02,3.600019999999999953e+01,1.331243403739526543e-01
6.876999999999999780e-02,3.743815000000000026e+01,1.145482540242320768e-01
1.754000000000000004e-02,3.425410000000000110e+01,1.374147372009276169e-01
2.556999999999999898e-02,3.513069999999999737e+01,1.525783733036894241e-01
2.188999999999999974e-02,3.480084999999999695e+01,1.413209467842612421e-01
3.155000000000000165e-02,3.539789999999999992e+01,1.443028845865528820e-01
6.844999999999999696e-02,3.758034999999999570e+01,1.283551323477171990e-01
2.248999999999999957e-02,3.483975000000000222e+01,1.422983134123521620e-01
4.948999999999999927e-02,3.659404999999999575e+01,1.289872183590296817e-01
3.160999999999999921e-02,3.564359999999999928e+01,1.297654133426931478e-01
3.433999999999999553e-02,3.588295000000000101e+01,1.284523647115926037e-01
4.486000000000000404e-02,3.647549999999999670e+01,1.509609303760413301e-01
1.530999999999999896e-02,3.401935000000000286e+01,1.555209310671717970e-01
3.048000000000000015e-02,3.552294999999999447e+01,1.375123267201890098e-01
3.837000000000000133e-02,3.617210000000000036e+01,1.682462555303980700e-01
3.681999999999999856e-02,3.604054999999999609e+01,1.300573046775920227e-01
2.210000000000000159e-02,3.504950000000000188e+01,1.401973698041443228e-01
1.401999999999999948e-02,3.391805000000000092e+01,1.647051987643377569e-01
5.890000000000000097e-02,3.706199999999999761e+01,1.178329431865299676e-01
5.895000000000000240e-02,3.704070000000000107e+01,1.048341666633545582e-01
6.887999999999999678e-02,3.744780000000000086e+01,1.540003327918482157e-01
2.040000000000000147e-02,3.497670000000000101e+01,1.588584275384847255e-01
2.893999999999999698e-02,3.529684999999999917e+01,1.349761460406986302e-01
2.384000000000000008e-02,3.497129999999999939e+01,1.368292731837745524e-01
1.450999999999999859e-02,3.416705000000000325e+01,1.703130133019787884e-01
3.291999999999999788e-02,3.572200000000000131e+01,1.222384963912760136e-01
6.454999999999999627e-02,3.705944999999999823e+01,1.174945105100659720e-01
1.663000000000000242e-02,3.428385000000000105e+01,1.532157384213514717e-01
5.358999999999999875e-02,3.673869999999999436e+01,1.469939114385354351e-01
3.162999999999999839e-02,3.548964999999999748e+01,1.231596626335099975e-01
2.751000000000000320e-02,3.526780000000000115e+01,1.325398430661512417e-01
2.559000000000000163e-02,3.482139999999999702e+01,1.294249203206245258e-01
2.401000000000000009e-02,3.505644999999999811e+01,1.298627063478964838e-01
3.713000000000000328e-02,3.583044999999999902e+01,1.214631219753551372e-01
3.407999999999999918e-02,3.566975000000000051e+01,1.281120700792864331e-01
2.453999999999999931e-02,3.487010000000000076e+01,1.312739121074709137e-01
1.696999999999999897e-02,3.418334999999999724e+01,1.560115700837601538e-01
1.628999999999999893e-02,3.444684999999999775e+01,1.540984182267942926e-01
3.184000000000000025e-02,3.561225000000000307e+01,1.249062148173580578e-01
3.700000000000000511e-02,3.601885000000000048e+01,1.307385272213206495e-01
2.931999999999999884e-02,3.513479999999999848e+01,1.487564788505024993e-01
1.739999999999999880e-02,3.453594999999999970e+01,1.514999999999999958e-01
3.577999999999999931e-02,3.586204999999999643e+01,1.786370902136507621e-01
2.844999999999999959e-02,3.531784999999999997e+01,1.396601589573776836e-01
5.034999999999999892e-02,3.656029999999999802e+01,1.660819752411440975e-01
4.268999999999999878e-02,3.620324999999999704e+01,1.207849328351843637e-01
3.211999999999999578e-02,3.550614999999999810e+01,1.462108409113359875e-01
2.751999999999999932e-02,3.533689999999999998e+01,1.456725866455319263e-01
3.048999999999999627e-02,3.555724999999999625e+01,1.450365815923693180e-01
1.724000000000000185e-02,3.419939999999999714e+01,1.584656429640191599e-01
7.062999999999999834e-02,3.732925000000000182e+01,1.265085372613247716e-01
5.343999999999999445e-02,3.689204999999999757e+01,1.429826562908942666e-01
2.878000000000000003e-02,3.537834999999999752e+01,1.251974540475963571e-01
3.518000000000000294e-02,3.569245000000000090e+01,1.552756339545905973e-01
3.348000000000000281e-02,3.575019999999999953e+01,1.552756339545905973e-01
4.651000000000000273e-02,3.645185000000000031e+01,1.200585794518659183e-01
6.118999999999999440e-02,3.719460000000000122e+01,1.227717496006308501e-01
4.713999999999999441e-02,3.643274999999999864e+01,1.267514201103877025e-01
2.120000000000000009e-02,3.471659999999999968e+01,1.467981266910446669e-01
4.028000000000000330e-02,3.609059999999999491e+01,1.172528144651547449e-01
3.862999999999999767e-02,3.613145000000000095e+01,1.309818689742973663e-01
3.313999999999999585e-02,3.566225000000000023e+01,1.257800560502339571e-01
2.414000000000000173e-02,3.495035000000000025e+01,1.325398430661512417e-01
2.836999999999999938e-02,3.537439999999999429e+01,1.251974540475963571e-01
1.043000000000000003e-02,3.319480000000000075e+01,2.025836185381236498e-01
2.038000000000000228e-02,3.469955000000000211e+01,1.449876632682932931e-01
4.710000000000000298e-02,3.625419999999999732e+01,1.477282048222342825e-01
3.984000000000000041e-02,3.597740000000000293e+01,1.184616393605963797e-01
1.220000000000000077e-02,3.372659999999999769e+01,1.762716369697632235e-01
1.270999999999999908e-02,3.355109999999999815e+01,1.774542476245637712e-01
1.762999999999999984e-02,3.420539999999999736e+01,1.590548333122888958e-01
2.171000000000000013e-02,3.477199999999999847e+01,1.394160051787455279e-01
1.571999999999999786e-02,3.413114999999999810e+01,1.962070589963572087e-01
1.971999999999999795e-02,3.454645000000000010e+01,1.606755192927659392e-01
1.677999999999999978e-02,3.419684999999999775e+01,1.620511107644745652e-01
1.226000000000000006e-02,3.373740000000000094e+01,1.801652644102075540e-01
5.322000000000000342e-02,3.684914999999999452e+01,1.315173087467957636e-01
3.055000000000000077e-02,3.515935000000000343e+01,4.518470122729594807e-01
3.001000000000000195e-02,3.544330000000000069e+01,1.239357192257341117e-01
1.505999999999999873e-02,3.388929999999999865e+01,1.573365898321175682e-01
1.529999999999999936e-02,3.394050000000000011e+01,1.486585349046599669e-01
4.712999999999999828e-02,3.643789999999999907e+01,1.189454076456926412e-01
3.411000000000000143e-02,3.578499999999999659e+01,1.186551305254012201e-01
1.519999999999999997e-02,3.380545000000000044e+01,1.662295100155204153e-01
1.504000000000000128e-02,3.396914999999999907e+01,1.520881652200459788e-01
2.763000000000000178e-02,3.550454999999999472e+01,1.216569356839140581e-01
3.358999999999999486e-02,3.586355000000000359e+01,1.102597387988925037e-01
1.446999999999999849e-02,3.391080000000000183e+01,1.682462555303980700e-01
2.546999999999999958e-02,3.513575000000000159e+01,1.277718278807969676e-01
1.081999999999999976e-02,3.327859999999999729e+01,1.868737608654569837e-01
1.740999999999999839e-02,3.436999999999999744e+01,1.527744743077193434e-01
2.030999999999999819e-02,3.457564999999999600e+01,1.385860382578274208e-01
4.818999999999999673e-02,3.670439999999999969e+01,1.253916364834593011e-01
2.222999999999999976e-02,3.466179999999999950e+01,1.354149271683147970e-01
2.811000000000000304e-02,3.561650000000000205e+01,1.284037479982574337e-01
5.457999999999999657e-02,3.672209999999999752e+01,1.061284127837592850e-01
5.721000000000000391e-02,3.687444999999999595e+01,1.134387940697537539e-01
2.090999999999999803e-02,3.463595000000000113e+01,1.400508479088934388e-01
1.454000000000000084e-02,3.426534999999999798e+01,1.682954544840709610e-01
4.309999999999999942e-02,3.624674999999999869e+01,1.109816313630323237e-01
3.273000000000000215e-02,3.565429999999999922e+01,1.241782992313874429e-01
3.398999999999999938e-02,3.562134999999999962e+01,1.150308762898031578e-01
1.381999999999999895e-02,3.374835000000000207e+01,1.567476395356561525e-01
5.091999999999999998e-02,3.669034999999999513e+01,1.260228550700228933e-01
1.751999999999999738e-02,3.432580000000000098e+01,1.495401283936856895e-01
2.481999999999999831e-02,3.491995000000000005e+01,1.381467426326078718e-01
2.879999999999999921e-02,3.536164999999999736e+01,1.393183494734272221e-01
1.567999999999999949e-02,3.402890000000000015e+01,1.554228104236955454e-01
2.196999999999999995e-02,3.463745000000000118e+01,1.467002385819464183e-01
3.426000000000000573e-02,3.574009999999999820e+01,1.239357192257341117e-01
1.698000000000000204e-02,3.393970000000000198e+01,1.586620307445987532e-01
2.751999999999999932e-02,3.550594999999999857e+01,1.374147372009276169e-01
3.438000000000000084e-02,3.587709999999999866e+01,1.247120784046196612e-01
1.318000000000000074e-02,3.382605000000000217e+01,1.754340973129226156e-01
1.726000000000000104e-02,3.418560000000000088e+01,1.540493752015892059e-01
1.209000000000000005e-02,3.324909999999999854e+01,1.937368318105774923e-01
5.417999999999999206e-02,3.659179999999999922e+01,1.177362412343794934e-01
1.969999999999999876e-02,3.472455000000000069e+01,1.606263988265938802e-01
1.661999999999999936e-02,3.390120000000000289e+01,1.500789875365635406e-01
2.398000000000000131e-02,3.509389999999999787e+01,1.385372242395523090e-01
3.143999999999999573e-02,3.558894999999999698e+01,1.244209086126604330e-01
1.290999999999999960e-02,3.346030000000000371e+01,1.742026406229251201e-01
3.826999999999999846e-02,3.626715000000000089e+01,1.237901853944810837e-01
1.531999999999999855e-02,3.421860000000000213e+01,1.667705084839642971e-01
2.643000000000000210e-02,3.518834999999999980e+01,1.456236587921069803e-01
2.019999999999999921e-02,3.429285000000000139e+01,1.545888822004997942e-01
3.729999999999999982e-02,3.608960000000000434e+01,1.188970247735409019e-01
2.348000000000000087e-02,3.493264999999999532e+01,1.421516883473425141e-01
1.634999999999999995e-02,3.415310000000000201e+01,1.547360332954157147e-01
2.274999999999999939e-02,3.480480000000000018e+01,1.395136642053386999e-01
2.305000000000000104e-01,4.028379999999999939e+01,1.494911452227188076e-01
3.811999999999999833e-01,4.179675000000000296e+01,1.440094528147371211e-01
2.534000000000000141e-01,4.036144999999999783e+01,1.163829991880257347e-01
1.526000000000000134e-01,3.920714999999999861e+01,1.196713102627358916e-01
4.364999999999999991e-01,4.211544999999999561e+01,1.449876632682932931e-01
1.023000000000000020e-01,3.842364999999999498e+01,1.118002236133720795e-01
3.711999999999999744e-01,4.139744999999999919e+01,1.105965754442695265e-01
4.661000000000000143e-01,4.205219999999999914e+01,1.202522453012832421e-01
1.958999999999999908e-01,3.977134999999999820e+01,1.130530848760881862e-01
3.111999999999999766e-01,4.101170000000000471e+01,1.123301495592345378e-01
3.219999999999999946e-02,3.574200000000000443e+01,1.323450414635924388e-01
1.097999999999999948e-01,3.856244999999999834e+01,1.245179605518818289e-01
2.255000000000000060e-01,3.999300000000000210e+01,1.278204306830484638e-01
2.604000000000000203e-01,4.049765000000000015e+01,1.262656821943318186e-01
2.253000000000000003e-01,4.013289999999999935e+01,1.264113918917120494e-01
4.474000000000000199e-01,4.186905000000000143e+01,1.553246921773869249e-01
4.399000000000000132e-01,4.212454999999999927e+01,1.718882267637897310e-01
3.373999999999999777e-01,4.101044999999999874e+01,1.490993041566593125e-01
5.282999999999999918e-01,4.211220000000000141e+01,1.462597774509451498e-01
5.760999999999999455e-01,4.250589999999999691e+01,1.482178211282300651e-01
3.876000000000000001e-01,4.165909999999999513e+01,1.616580418661564822e-01
3.599999999999999867e-01,4.119754999999999967e+01,1.368292731837745524e-01
3.470000000000000306e-01,4.106119999999999948e+01,1.436182526700558459e-01
4.390999999999999903e-01,4.183615000000000350e+01,1.353661700721417449e-01
3.492000000000000104e-01,4.112749999999999773e+01,1.195745060621201256e-01
4.304999999999999938e-01,4.181439999999999912e+01,1.289872183590296817e-01
5.088000000000000300e-01,4.204930000000000234e+01,1.444985207536741700e-01
2.888000000000000012e-01,4.075260000000000105e+01,1.291331096194930084e-01
1.726999999999999924e-01,3.976024999999999920e+01,1.341962741658649927e-01
3.180000000000000049e-01,4.110869999999999891e+01,1.550303518669812197e-01
2.752000000000000002e-01,4.077714999999999890e+01,1.414186692060139527e-01
1.030000000000000082e-01,3.817405000000000115e+01,1.268485809932456410e-01
2.048999999999999988e-01,3.982389999999999475e+01,1.604790406875614417e-01
2.646999999999999909e-01,4.051489999999999725e+01,1.421028148911906708e-01
2.348000000000000087e-01,4.013439999999999941e+01,1.974424536415610720e-01
2.144999999999999962e-01,4.000404999999999944e+01,1.760252893762711546e-01
4.275999999999999801e-01,4.230514999999999759e+01,1.732669111515525440e-01
4.018999999999999795e-01,4.152360000000000184e+01,1.519901312585787700e-01
3.217999999999999750e-01,4.081775000000000375e+01,1.434226708020737151e-01
4.511999999999999900e-01,4.199344999999999573e+01,1.282092917849560476e-01
1.612000000000000099e-01,3.934364999999999668e+01,1.238386954873152701e-01
3.512000000000000122e-01,4.132965000000000089e+01,1.196229075052098884e-01
2.492000000000000048e-01,4.029715000000000202e+01,1.196713102627358916e-01
8.219999999999999529e-02,3.779945000000000022e+01,1.259257320804608449e-01
1.055999999999999994e-01,3.838670000000000471e+01,1.045467479169008007e-01
3.326999999999999957e-01,4.132079999999999842e+01,1.468470718128216390e-01
1.021999999999999992e-01,3.832309999999999661e+01,1.145965095454481997e-01
2.928000000000000047e-01,4.075959999999999894e+01,1.383907872656268967e-01
1.325999999999999956e-01,3.880774999999999864e+01,1.038285124616547817e-01
2.706999999999999962e-01,4.049425000000000097e+01,1.236931687685298153e-01
1.004000000000000031e-01,3.835070000000000334e+01,1.133905750051563965e-01
3.536000000000000254e-01,4.141580000000000439e+01,1.486095639587170225e-01
4.234999999999999876e-01,4.186899999999999977e+01,2.671895394659005163e-01
3.000999999999999779e-01,4.098085000000000377e+01,1.230626771202382036e-01
1.476000000000000090e-01,3.915744999999999720e+01,1.175428538874226936e-01
2.288000000000000034e-01,4.023525000000000063e+01,1.323937404109424010e-01
1.388000000000000067e-01,3.909205000000000041e+01,1.113186417452171478e-01
1.436000000000000054e-01,3.915005000000000024e+01,1.122337850203761062e-01
9.189999999999999558e-02,3.822469999999999857e+01,1.177845915219813411e-01
1.567999999999999949e-01,3.939390000000000214e+01,1.289872183590296817e-01
2.388000000000000123e-01,4.046555000000000035e+01,2.489144632197976270e-01
1.496000000000000107e-01,3.942154999999999632e+01,1.694271598652353217e-01
5.078000000000000291e-01,4.226370000000000005e+01,1.435693560618003239e-01
2.528000000000000247e-01,4.047755000000000081e+01,1.171561458055018073e-01
2.842000000000000082e-01,4.058629999999999427e+01,1.184616393605963797e-01
2.368000000000000105e-01,4.029240000000000066e+01,1.276746255134511843e-01
3.412000000000000033e-01,4.115784999999999627e+01,1.514999999999999958e-01
2.641000000000000014e-01,4.033400000000000318e+01,1.449387456824433873e-01
3.489999999999999769e-01,4.138620000000000232e+01,1.364878108110757216e-01
3.211999999999999855e-01,4.098484999999999445e+01,1.280634608309489664e-01
1.351999999999999869e-01,3.907744999999999891e+01,1.252459979400539769e-01
3.064999999999999947e-01,4.115165000000000362e+01,1.654427091170838082e-01
2.335000000000000131e-01,4.048045000000000471e+01,1.626899197860764701e-01
3.005999999999999783e-01,4.118834999999999980e+01,1.730206924041167993e-01
3.675999999999999823e-01,4.126040000000000418e+01,1.270429159772397676e-01
1.691999999999999893e-01,3.952540000000000475e+01,1.182681698514016916e-01
7.975999999999999757e-02,3.760699999999999932e+01,1.074240312965399763e-01
1.806000000000000105e-01,3.965639999999999787e+01,1.180747221042675044e-01
1.806000000000000105e-01,3.961674999999999613e+01,1.669672497827044133e-01
2.306999999999999884e-01,4.030315000000000225e+01,1.566494893065406846e-01
4.581999999999999962e-02,3.656255000000000166e+01,1.278690345627118419e-01
2.212000000000000077e-01,4.005530000000000257e+01,1.234021474691587295e-01
2.006000000000000005e-01,3.979739999999999611e+01,2.135675595683951267e-01
7.549999999999999767e-02,3.764799999999999613e+01,1.233536481017079717e-01
2.626999999999999821e-02,3.525384999999999991e+01,1.394648342773188165e-01
1.912000000000000088e-01,3.932500000000000284e+01,1.580238035866748936e-01
1.776999999999999968e-01,3.962519999999999953e+01,1.143552469281580442e-01
1.852000000000000035e-01,3.980709999999999837e+01,1.206880690043551918e-01
3.491000000000000214e-01,4.129925000000000068e+01,1.412720867687598247e-01
2.711999999999999966e-01,4.057944999999999425e+01,1.119447296660276009e-01
2.921000000000000263e-01,4.044535000000000480e+01,1.262171145288942253e-01
3.704000000000000070e-01,4.106439999999999912e+01,1.176395447968071745e-01
9.629999999999999671e-02,3.809149999999999636e+01,1.509609303760413301e-01
1.807999999999999885e-01,3.954520000000000124e+01,1.156585059561120177e-01
2.747999999999999887e-01,4.064339999999999975e+01,1.554228104236955454e-01
2.454000000000000070e-01,4.052890000000000015e+01,1.471897075206007877e-01
3.618000000000000105e-01,4.117820000000000391e+01,2.057983479039615649e-01
2.318000000000000060e-01,4.019185000000000230e+01,1.528725285981755444e-01
1.466000000000000081e-01,3.918104999999999905e+01,1.149343399511216501e-01
1.592000000000000082e-01,3.945504999999999995e+01,1.800173602739469081e-01
4.198000000000000065e-01,4.172830000000000439e+01,1.520391479192119144e-01
3.191999999999999837e-01,4.093594999999999828e+01,1.594967789643414735e-01
5.195999999999999508e-01,4.224595000000000056e+01,1.983320511163034205e-01
1.506000000000000116e-01,3.920749999999999602e+01,1.140175425099137912e-01
3.025999999999999801e-01,4.088349999999999795e+01,1.610685025074735099e-01
2.106000000000000094e-01,4.000865000000000293e+01,1.650493562544247117e-01
2.396000000000000074e-01,3.998895000000000266e+01,1.508139250865118131e-01
3.316000000000000059e-01,4.102809999999999491e+01,1.237416764877541236e-01
2.006000000000000005e-01,3.999484999999999957e+01,1.634762673907133312e-01
3.605999999999999761e-01,4.143209999999999837e+01,1.452811842600410519e-01
2.426000000000000101e-01,4.061079999999999757e+01,1.249547518104053567e-01
2.212000000000000077e-01,4.009175000000000466e+01,1.521371831604621250e-01
1.205999999999999989e-01,3.863880000000000337e+01,1.939344219059628283e-01
3.412000000000000033e-01,4.115605000000000047e+01,1.718882267637897310e-01
2.504000000000000115e-01,4.029680000000000462e+01,1.350248958525797072e-01
3.804000000000000159e-01,4.142350000000000421e+01,1.340988068552438905e-01
3.105999999999999872e-01,4.108735000000000070e+01,1.416629891679545283e-01
1.993999999999999939e-01,3.966679999999999495e+01,1.445963433147602062e-01
2.399999999999999911e-01,4.036339999999999861e+01,1.670164363169086563e-01
5.027000000000000357e-01,4.216584999999999894e+01,2.106967073781647881e-01
3.700999999999999845e-01,4.137035000000000196e+01,1.390742247866224857e-01
2.700000000000000178e-01,4.063745000000000118e+01,1.404904356175181168e-01
2.631000000000000005e-01,4.066100000000000136e+01,1.346836664187606725e-01
2.680000000000000160e-01,4.049474999999999625e+01,1.698208541375292868e-01
3.079999999999999960e-01,4.122175000000000011e+01,1.219476937051291593e-01
2.500000000000000000e-01,4.064679999999999893e+01,1.652460286966074277e-01
2.803999999999999826e-01,4.064869999999999806e+01,1.145482540242320768e-01
3.148000000000000242e-01,4.117409999999999570e+01,1.284037479982574337e-01
3.287999999999999812e-01,4.140290000000000248e+01,1.684430541755878030e-01
3.296999999999999931e-01,4.125690000000000168e+01,1.226747834723990876e-01
2.587999999999999745e-01,4.040905000000000058e+01,1.440094528147371211e-01
2.245999999999999941e-01,3.993809999999999860e+01,1.567476395356561525e-01
2.101999999999999980e-01,4.019079999999999586e+01,1.267028413256782449e-01
3.877999999999999781e-01,4.156439999999999912e+01,1.876634287760937103e-01
3.068000000000000171e-01,4.095749999999999602e+01,1.522842408130269942e-01
3.652000000000000246e-01,4.147650000000000148e+01,1.454279546717205385e-01
2.487999999999999934e-01,4.040269999999999584e+01,1.623950738169110675e-01
2.988000000000000100e-01,4.066335000000000122e+01,1.669672497827044133e-01
1.237999999999999934e-01,3.884409999999999741e+01,1.123783342108255201e-01
3.311999999999999944e-01,4.103889999999999816e+01,1.432759924062646517e-01
3.825999999999999956e-01,4.145595000000000141e+01,1.848506424116508062e-01
2.406000000000000083e-01,4.040115000000000123e+01,1.217053922387993509e-01
1.711999999999999911e-01,3.955729999999999791e+01,1.757296858814696716e-01
2.088000000000000134e-01,4.012900000000000489e+01,1.639186459802544904e-01
2.896000000000000241e-01,4.098499999999999943e+01,1.676067122760899475e-01
2.457000000000000017e-01,4.041660000000000252e+01,1.255372852980340681e-01
1.360999999999999988e-01,3.903144999999999953e+01,1.266542636471429673e-01
1.504999999999999949e-01,3.912569999999999482e+01,1.198649344053547561e-01
1.187000000000000000e-01,3.853764999999999930e+01,1.279662455493635054e-01
2.447999999999999898e-01,4.032304999999999495e+01,1.272858593874433564e-01
3.503000000000000003e-01,4.123229999999999507e+01,1.113667926268867570e-01
6.191999999999999726e-01,4.275339999999999918e+01,1.194293096354492045e-01
2.195999999999999897e-01,4.010144999999999982e+01,1.123301495592345378e-01
9.940000000000000224e-02,3.845289999999999964e+01,1.136799124735764360e-01
4.097999999999999976e-01,4.173680000000000234e+01,2.076287612543117611e-01
5.024999999999999467e-01,4.208424999999999727e+01,2.103502792962252954e-01
3.815000000000000058e-01,4.158494999999999919e+01,1.461129699924000880e-01
2.797000000000000042e-01,4.056690000000000396e+01,1.175428538874226936e-01
2.306999999999999884e-01,4.001845000000000141e+01,1.554718704460713585e-01
4.269000000000000017e-01,4.182939999999999969e+01,1.654427091170838082e-01
5.501000000000000334e-01,4.240909999999999513e+01,1.466512955960499187e-01
3.252999999999999781e-01,4.123765000000000214e+01,1.442050709926665508e-01
3.508999999999999897e-01,4.127244999999999919e+01,1.317607301133383868e-01
3.282999999999999807e-01,4.124244999999999806e+01,1.840119629263271550e-01
4.504000000000000226e-01,4.172029999999999461e+01,1.349761460406986302e-01
6.441000000000000891e-02,3.736974999999999625e+01,1.125710886506832986e-01
6.558999999999999553e-02,3.718254999999999910e+01,1.302519193716545620e-01
3.185000000000000053e-01,4.108159999999999457e+01,1.282092917849560476e-01
1.453000000000000125e-01,3.952509999999999479e+01,1.749907426122879195e-01
1.396000000000000019e-01,3.904990000000000094e+01,1.168178496634825064e-01
4.294000000000000039e-01,4.202514999999999645e+01,1.556190541032813346e-01
2.165999999999999870e-01,3.986574999999999847e+01,1.193809134660980820e-01
3.665999999999999814e-01,4.115675000000000239e+01,1.865283088434567804e-01
3.805999999999999939e-01,4.147629999999999484e+01,1.414186692060139527e-01
4.205999999999999739e-01,4.174585000000000434e+01,1.651968598369835950e-01
1.995999999999999996e-01,3.988174999999999670e+01,1.558643721316709529e-01
5.106000000000000538e-01,4.209059999999999491e+01,1.756311546964262338e-01
4.267000000000000237e-01,4.188889999999999958e+01,1.558643721316709529e-01
3.155999999999999917e-01,4.120420000000000016e+01,1.551284628944669119e-01
5.778999999999999693e-01,4.255020000000000380e+01,1.651476914764478388e-01
4.812000000000000166e-01,4.228659999999999997e+01,1.570421042268601297e-01
3.921999999999999931e-01,4.145855000000000246e+01,1.616089106454220437e-01
1.734999999999999876e-01,3.935824999999999818e+01,1.123783342108255201e-01
3.301999999999999935e-01,4.126839999999999975e+01,1.191389524882605216e-01
2.995999999999999774e-01,4.097344999999999970e+01,1.641644297647940620e-01
2.295999999999999985e-01,4.022825000000000273e+01,1.442539774148359488e-01
2.927000000000000157e-01,4.081425000000000125e+01,1.734146475935640364e-01
2.084999999999999909e-01,3.986294999999999789e+01,1.166728867389506263e-01
2.748999999999999777e-01,4.055689999999999884e+01,1.199617543219504701e-01
3.032000000000000250e-01,4.093824999999999648e+01,1.223839143842032906e-01
3.589999999999999858e-01,4.146585000000000321e+01,1.375123267201890098e-01
3.599999999999999867e-01,4.114020000000000010e+01,1.631813714858408593e-01
3.489999999999999769e-01,4.125164999999999793e+01,1.259257320804608449e-01
6.303999999999999604e-01,4.258689999999999998e+01,1.217053922387993509e-01
3.206999999999999851e-01,4.128920000000000101e+01,1.578274453319193915e-01
5.100000000000000089e-01,4.211674999999999613e+01,1.219476937051291593e-01
3.669000000000000039e-01,4.127669999999999817e+01,1.278690345627118419e-01
1.383999999999999952e-01,3.906439999999999912e+01,1.080483225228416055e-01
1.791999999999999982e-01,3.981674999999999898e+01,1.521371831604621250e-01
1.716999999999999915e-01,3.948999999999999488e+01,1.196713102627358916e-01
2.707999999999999852e-01,4.050560000000000116e+01,1.277718278807969676e-01
3.472999999999999976e-01,4.150254999999999939e+01,2.550703628413148460e-01
4.796000000000000263e-01,4.188309999999999889e+01,1.493441997534554477e-01
3.191999999999999837e-01,4.118689999999999429e+01,1.402462120700591064e-01
5.191999999999999948e-01,4.222780000000000200e+01,1.547360332954157147e-01
3.801999999999999824e-01,4.145215000000000316e+01,1.340013432768492885e-01
3.711999999999999744e-01,4.140805000000000291e+01,2.654506780929368759e-01
1.807999999999999885e-01,3.974399999999999977e+01,1.292790102839590782e-01
2.235999999999999932e-01,4.002105000000000246e+01,1.258771722751984845e-01
1.411999999999999922e-01,3.911220000000000141e+01,1.356099646043756046e-01
3.054999999999999938e-01,4.095485000000000042e+01,1.238386954873152701e-01
4.045000000000000262e-01,4.139804999999999779e+01,1.565513414187179875e-01
2.856000000000000205e-01,4.070725000000000193e+01,1.390742247866224857e-01
3.012000000000000233e-01,4.085589999999999833e+01,1.382443579318881344e-01
2.636999999999999900e-01,4.050189999999999912e+01,1.329782031011097765e-01
5.006000000000000449e-01,4.224169999999999447e+01,1.985791781632706976e-01
3.050999999999999823e-01,4.091294999999999504e+01,1.168178496634825064e-01
3.856999999999999873e-01,4.155245000000000033e+01,1.295221988695374193e-01
1.985000000000000098e-01,3.991420000000000101e+01,1.259257320804608449e-01
9.059999999999999998e-02,3.802805000000000035e+01,1.143069989108278506e-01
4.773999999999999910e-01,4.219610000000000127e+01,1.676067122760899475e-01
3.311999999999999944e-01,4.110099999999999909e+01,1.205427828615218272e-01
4.712000000000000077e-01,4.197964999999999947e+01,1.529705854077835492e-01
3.306000000000000050e-01,4.104260000000000019e+01,1.588093274968444824e-01
2.606999999999999873e-01,4.062720000000000198e+01,1.453790304686339574e-01
7.141000000000000125e-02,3.742745000000000033e+01,1.229172079084128871e-01
1.812000000000000000e-01,3.969599999999999795e+01,1.621002467610706543e-01
3.378999999999999782e-01,4.118314999999999770e+01,1.539512909981595457e-01
1.221000000000000002e-01,3.864365000000000094e+01,1.188002630468468213e-01
2.500999999999999890e-01,4.038349999999999795e+01,1.462597774509451498e-01
1.603999999999999870e-01,3.943234999999999957e+01,1.696732153287607014e-01
2.988000000000000100e-01,4.126484999999999559e+01,1.632305195115178464e-01
3.891999999999999904e-01,4.138804999999999978e+01,1.441072604000228630e-01
2.928000000000000047e-01,4.073869999999999436e+01,1.676067122760899475e-01
3.287999999999999812e-01,4.093550000000000466e+01,1.750400025708409302e-01
3.055999999999999828e-01,4.096949999999999648e+01,1.363902580831930222e-01
2.857999999999999985e-01,4.073644999999999783e+01,1.426893478855377206e-01
4.292000000000000259e-01,4.174920000000000186e+01,1.501279787381419595e-01
1.791999999999999982e-01,3.975099999999999767e+01,1.725282875356966006e-01
1.895999999999999908e-01,3.977025000000000432e+01,1.632796680545376411e-01
2.487999999999999934e-01,4.046025000000000205e+01,1.500789875365635406e-01
4.096000000000000196e-01,4.175095000000000312e+01,1.927983467252766536e-01
2.416000000000000092e-01,4.012675000000000125e+01,1.335628035794397261e-01
3.376000000000000112e-01,4.114910000000000423e+01,1.689350836860123717e-01
7.059999999999999609e-02,3.775435000000000230e+01,3.012475103631563900e-01
3.456000000000000183e-01,4.122929999999999495e+01,1.653443679113383025e-01
3.306000000000000050e-01,4.125704999999999956e+01,1.590057310287902870e-01
5.494999999999999885e-02,3.687184999999999491e+01,1.203006650023182578e-01
4.230999999999999761e-01,4.164855000000000018e+01,1.456236587921069803e-01
1.072000000000000036e-01,3.846495000000000175e+01,1.150791466774063326e-01
2.853999999999999870e-01,4.049649999999999750e+01,1.267514201103877025e-01
3.254000000000000226e-01,4.118925000000000125e+01,1.416141235894216865e-01
3.346999999999999975e-01,4.101574999999999704e+01,1.168178496634825064e-01
2.907000000000000139e-01,4.057594999999999885e+01,1.623459346580628238e-01
4.404000000000000137e-01,4.169379999999999598e+01,1.401973698041443228e-01
2.411000000000000087e-01,4.036055000000000348e+01,1.157550862813379738e-01
4.606999999999999984e-01,4.202035000000000053e+01,1.670656233340659380e-01
1.194000000000000061e-01,3.860474999999999568e+01,1.280634608309489664e-01
5.450000000000000400e-01,4.261414999999999509e+01,1.492462394836131245e-01
4.113999999999999879e-01,4.187890000000000157e+01,1.323450414635924388e-01
2.687999999999999834e-01,4.061225000000000307e+01,1.474344684936327865e-01
4.976000000000000562e-02,3.662274999999999636e+01,1.385372242395523090e-01
4.117999999999999994e-01,4.185170000000000101e+01,1.567476395356561525e-01
7.368999999999999162e-02,3.750549999999999784e+01,1.594476716669139538e-01
3.187999999999999723e-01,4.135160000000000480e+01,2.129735253499833447e-01
4.198000000000000065e-01,4.143134999999999479e+01,1.549322432549145034e-01
4.208000000000000074e-01,4.176014999999999588e+01,2.350225733839198528e-01
4.391999999999999793e-01,4.173284999999999911e+01,1.941814164640890683e-01
4.803999999999999937e-01,4.195864999999999867e+01,1.748429652573988968e-01
1.998000000000000054e-01,3.993375000000000341e+01,1.392206970963728585e-01
3.018000000000000127e-01,4.108234999999999815e+01,1.475813335080015942e-01
2.902000000000000135e-01,4.071119999999999806e+01,1.415652588031399706e-01
3.091999999999999749e-01,4.085774999999999579e+01,1.492462394836131245e-01
2.955999999999999739e-01,4.099909999999999854e+01,1.266056870760551845e-01
3.386000000000000121e-01,4.115335000000000321e+01,1.422494376087301282e-01
3.781999999999999806e-01,4.148555000000000348e+01,1.493441997534554477e-01
8.959999999999999909e-02,3.799405000000000143e+01,1.206396390080805847e-01
4.506999999999999895e-01,4.192860000000000298e+01,1.576310962342138966e-01
4.603999999999999759e-01,4.207110000000000127e+01,1.502749563300552205e-01
1.205999999999999961e+00,4.500934999999999775e+01,3.365398044808369793e-01
1.330000000000000071e+00,4.487340000000000373e+01,1.514019814929778440e-01
1.540000000000000036e+00,4.517719999999999914e+01,2.127755213834523762e-01
1.550000000000000044e+00,4.527705000000000268e+01,1.880582954830762044e-01
1.699999999999999956e+00,4.532920000000000016e+01,2.847845501427351267e-01
1.800000000000000044e+00,4.547109999999999985e+01,1.903291950805235666e-01
2.259999999999999787e+00,4.614699999999999847e+01,2.565600124727156484e-01
1.914000000000000146e+00,4.543090000000000117e+01,2.576524985324225581e-01
1.300000000000000044e+00,4.479014999999999702e+01,1.812499999999999944e-01
1.340000000000000080e+00,4.473519999999999897e+01,1.659344448871300781e-01
1.020000000000000018e+00,4.415234999999999843e+01,1.683938538070793023e-01
7.349999999999999867e-01,4.297605000000000075e+01,1.373171511501749820e-01
1.120000000000000107e+00,4.433389999999999986e+01,1.676067122760899475e-01
1.229999999999999982e+00,4.455615000000000236e+01,1.938850239188163738e-01
1.229999999999999982e+00,4.476850000000000307e+01,1.734638939376145772e-01
8.540000000000000924e-01,4.358279999999999887e+01,2.166372601839304801e-01
1.370000000000000107e+00,4.478589999999999804e+01,1.649510230341115768e-01
9.751999999999999558e-01,4.397610000000000241e+01,1.430315437237534848e-01
9.699999999999999734e-01,4.438544999999999874e+01,2.634635885658585530e-01
7.399999999999999911e-01,4.311459999999999582e+01,1.295708396978270671e-01
1.389999999999999902e+00,4.463304999999999723e+01,2.034737390918051614e-01
1.304999999999999938e+00,4.453419999999999845e+01,2.369071548096426671e-01
9.350000000000000533e-01,4.353659999999999997e+01,1.684922550148819365e-01
1.014000000000000012e+00,4.412444999999999595e+01,2.310558590471143980e-01
1.314999999999999947e+00,4.481234999999999502e+01,2.009519594330943237e-01
1.092000000000000082e+00,4.390834999999999866e+01,2.657487582285192884e-01
